==> 1351[0.001].csv <==
last_access_rtime, last_access_vtime, create_rtime, clock_time, clock_time_between, compulsory_miss, first_seen, cache_size, obj_size, clock_freq, lifetime_freq, wasted
0,0,0,1538323208,4,0,0,200407872,2560,3,3,0
0,0,0,1538323205,5,0,0,200407872,49152,2,2,1
0,0,0,1538323201,0,0,0,200407872,1024,2,2,1
0,0,0,1538323206,5,0,0,200407872,36864,2,2,1
0,0,0,1538323210,8,0,0,200407872,61440,2,2,0
0,0,0,1538323206,4,0,0,200407872,53248,2,2,1
0,0,0,1538323206,4,0,0,200407872,53248,2,2,1
0,0,0,1538323206,4,0,0,200407872,8192,2,2,1
0,0,0,1538323211,4,0,0,200407872,4096,3,3,0

==> 1351[0.001,ignore_obj_size].csv <==
last_access_rtime, last_access_vtime, create_rtime, clock_time, clock_time_between, compulsory_miss, first_seen, cache_size, obj_size, clock_freq, lifetime_freq, wasted
0,0,0,1538323204,4,0,0,1496,1,2,2,1
0,0,0,1538323201,0,0,0,1496,1,2,2,1
0,0,0,1538323204,0,0,0,1496,1,2,2,1
0,0,0,1538323204,0,0,0,1496,1,2,2,1
0,0,0,1538323205,0,0,0,1496,1,2,2,1
0,0,0,1538323207,1,0,0,1496,1,2,2,1
0,0,0,1538323211,3,0,0,1496,1,2,2,1
0,0,0,1538323215,0,0,0,1496,1,2,2,1
0,0,0,1538323215,0,0,0,1496,1,2,2,1

==> 1351[0.01].csv <==
last_access_rtime, last_access_vtime, create_rtime, clock_time, clock_time_between, compulsory_miss, first_seen, cache_size, obj_size, clock_freq, lifetime_freq, wasted
0,0,0,1538323235,36,0,0,2004078592,53248,2,2,1
0,0,0,1538323282,83,0,0,2004078592,65536,2,2,1
0,0,0,1538323260,60,0,0,2004078592,24576,2,2,1
0,0,0,1538323229,29,0,0,2004078592,4096,2,2,1
0,0,0,1538323308,4,0,0,2004078592,4096,19,19,0
0,0,0,1538323215,15,0,0,2004078592,65536,2,2,1
0,0,0,1538323229,29,0,0,2004078592,65536,2,2,1
0,0,0,1538323215,15,0,0,2004078592,8192,2,2,1
0,0,0,1538323264,64,0,0,2004078592,8192,2,2,1

==> 1351[0.01,ignore_obj_size].csv <==
last_access_rtime, last_access_vtime, create_rtime, clock_time, clock_time_between, compulsory_miss, first_seen, cache_size, obj_size, clock_freq, lifetime_freq, wasted
0,0,0,1538323235,36,0,0,14965,1,2,2,1
0,0,0,1538323229,29,0,0,14965,1,2,2,1
0,0,0,1538323234,10,0,0,14965,1,8,8,0
0,0,0,1538323215,15,0,0,14965,1,2,2,1
0,0,0,1538323229,29,0,0,14965,1,2,2,1
0,0,0,1538323215,15,0,0,14965,1,2,2,1
0,0,0,1538323234,15,0,0,14965,1,3,3,1
0,0,0,1538323236,36,0,0,14965,1,2,2,1
0,0,0,1538323231,31,0,0,14965,1,2,2,1

==> 1351[0.1].csv <==
last_access_rtime, last_access_vtime, create_rtime, clock_time, clock_time_between, compulsory_miss, first_seen, cache_size, obj_size, clock_freq, lifetime_freq, wasted
0,0,0,1538323447,61,0,0,20040785920,36864,3,3,1
0,0,0,1538325917,71,0,0,20040785920,20480,12,12,0
0,0,0,1538323235,36,0,0,20040785920,53248,2,2,1
0,0,0,1538324878,1679,0,0,20040785920,4096,2,2,0
0,0,0,1538324488,810,0,0,20040785920,65536,4,4,1
0,0,0,1538323260,60,0,0,20040785920,24576,2,2,1
0,0,0,1538325933,54,0,0,20040785920,24576,6,6,0
0,0,0,1538325617,1802,0,0,20040785920,8192,3,3,0
0,0,0,1538325929,379,0,0,20040785920,4096,9,9,0

==> 1351[0.1,ignore_obj_size].csv <==
last_access_rtime, last_access_vtime, create_rtime, clock_time, clock_time_between, compulsory_miss, first_seen, cache_size, obj_size, clock_freq, lifetime_freq, wasted
0,0,0,1538323447,61,0,0,149651,1,3,3,1
0,0,0,1538323621,174,0,0,149651,1,4,4,0
0,0,0,1538323235,36,0,0,149651,1,2,2,1
0,0,0,1538323678,396,0,0,149651,1,3,3,0
0,0,0,1538323260,60,0,0,149651,1,2,2,1
0,0,0,1538323815,615,0,0,149651,1,2,2,1
0,0,0,1538323748,223,0,0,149651,1,3,3,0
0,0,0,1538323492,263,0,0,149651,1,3,3,0
0,0,0,1538323525,325,0,0,149651,1,2,2,0

==> 1351[0.2].csv <==
last_access_rtime, last_access_vtime, create_rtime, clock_time, clock_time_between, compulsory_miss, first_seen, cache_size, obj_size, clock_freq, lifetime_freq, wasted
0,0,0,1538323447,61,0,0,40081571840,36864,3,3,1
0,0,0,1538337590,430,0,0,40081571840,364544,65,65,0
0,0,0,1538329983,10,0,0,40081571840,53248,5,5,0
0,0,0,1538337635,1579,0,0,40081571840,4096,12,12,0
0,0,0,1538336102,778,0,0,40081571840,4096,9,9,0
0,0,0,1538337766,967,0,0,40081571840,61440,10,10,0
0,0,0,1538323260,60,0,0,40081571840,24576,2,2,1
0,0,0,1538336669,869,0,0,40081571840,24576,37,37,0
0,0,0,1538337600,658,0,0,40081571840,8192,18,18,0

==> 1351[0.2,ignore_obj_size].csv <==
last_access_rtime, last_access_vtime, create_rtime, clock_time, clock_time_between, compulsory_miss, first_seen, cache_size, obj_size, clock_freq, lifetime_freq, wasted
0,0,0,1538323447,61,0,0,299303,1,3,3,1
0,0,0,1538325013,483,0,0,299303,1,7,7,0
0,0,0,1538323235,36,0,0,299303,1,2,2,1
0,0,0,1538324878,1679,0,0,299303,1,2,2,1
0,0,0,1538324488,810,0,0,299303,1,4,4,1
0,0,0,1538323260,60,0,0,299303,1,2,2,1
0,0,0,1538324837,199,0,0,299303,1,3,3,0
0,0,0,1538323815,615,0,0,299303,1,2,2,0
0,0,0,1538324724,347,0,0,299303,1,6,6,0

==> 1351[0.4].csv <==
last_access_rtime, last_access_vtime, create_rtime, clock_time, clock_time_between, compulsory_miss, first_seen, cache_size, obj_size, clock_freq, lifetime_freq, wasted
0,0,0,1538323447,61,0,0,80163143680,36864,3,3,1
0,0,0,1538373055,542,0,0,80163143680,348160,203,203,0
0,0,0,1538372528,4778,0,0,80163143680,49152,25,25,0
0,0,0,1538373374,2537,0,0,80163143680,4096,31,31,0
0,0,0,1538373064,2676,0,0,80163143680,4096,33,33,0
0,0,0,1538367469,4336,0,0,80163143680,65536,28,28,0
0,0,0,1538323260,60,0,0,80163143680,24576,2,2,1
0,0,0,1538373082,911,0,0,80163143680,24576,116,116,0
0,0,0,1538372980,688,0,0,80163143680,8192,58,58,0

==> 1351[0.4,ignore_obj_size].csv <==
last_access_rtime, last_access_vtime, create_rtime, clock_time, clock_time_between, compulsory_miss, first_seen, cache_size, obj_size, clock_freq, lifetime_freq, wasted
0,0,0,1538323447,61,0,0,598606,1,3,3,1
0,0,0,1538338318,61,0,0,598606,1,67,67,0
0,0,0,1538329983,10,0,0,598606,1,5,5,0
0,0,0,1538337635,1579,0,0,598606,1,12,12,0
0,0,0,1538336102,778,0,0,598606,1,9,9,0
0,0,0,1538337766,967,0,0,598606,1,10,10,0
0,0,0,1538323260,60,0,0,598606,1,2,2,1
0,0,0,1538338249,85,0,0,598606,1,40,40,0
0,0,0,1538338226,626,0,0,598606,1,19,19,0

==> 2016_LUN1[0.001].csv <==
last_access_rtime, last_access_vtime, create_rtime, clock_time, clock_time_between, compulsory_miss, first_seen, cache_size, obj_size, clock_freq, lifetime_freq, wasted
0,0,0,10,4,0,0,2398787328,8192,3,3,1
0,0,0,878,10,0,0,2398787328,4096,61,61,0
0,0,0,22,4,0,0,2398787328,8192,5,5,1
0,0,0,882,16,0,0,2398787328,4096,91,91,0
0,0,0,872,11,0,0,2398787328,4096,29,29,0
0,0,0,880,5,0,0,2398787328,4096,57,57,0
0,0,0,785,34,0,0,2398787328,4096,5,5,0
0,0,0,665,2,0,0,2398787328,4096,16,16,1
0,0,0,879,5,0,0,2398787328,4096,77,77,0

==> 2016_LUN1[0.001,ignore_obj_size].csv <==
last_access_rtime, last_access_vtime, create_rtime, clock_time, clock_time_between, compulsory_miss, first_seen, cache_size, obj_size, clock_freq, lifetime_freq, wasted
0,0,0,10,4,0,0,60241,1,3,3,1
0,0,0,683,9,0,0,60241,1,40,40,0
0,0,0,22,4,0,0,60241,1,5,5,1
0,0,0,672,11,0,0,60241,1,44,44,0
0,0,0,672,21,0,0,60241,1,18,18,0
0,0,0,684,15,0,0,60241,1,36,36,0
0,0,0,603,72,0,0,60241,1,3,3,0
0,0,0,665,2,0,0,60241,1,16,16,1
0,0,0,676,7,0,0,60241,1,44,44,0

==> 2016_LUN1[0.01].csv <==
last_access_rtime, last_access_vtime, create_rtime, clock_time, clock_time_between, compulsory_miss, first_seen, cache_size, obj_size, clock_freq, lifetime_freq, wasted
0,0,0,1751,1751,0,0,23987871744,4096,2,2,1
0,0,0,10,4,0,0,23987871744,8192,3,3,1
0,0,0,4084,23,0,0,23987871744,4096,343,343,0
0,0,0,1752,1752,0,0,23987871744,32768,2,2,1
0,0,0,1751,1751,0,0,23987871744,4096,2,2,1
0,0,0,2431,2431,0,0,23987871744,4096,2,2,1
0,0,0,1751,1751,0,0,23987871744,4096,2,2,1
0,0,0,1751,1750,0,0,23987871744,4096,2,2,1
0,0,0,2111,2110,0,0,23987871744,4096,2,2,1

==> 2016_LUN1[0.01,ignore_obj_size].csv <==
last_access_rtime, last_access_vtime, create_rtime, clock_time, clock_time_between, compulsory_miss, first_seen, cache_size, obj_size, clock_freq, lifetime_freq, wasted
0,0,0,1751,1751,0,0,602419,1,2,2,1
0,0,0,10,4,0,0,602419,1,3,3,1
0,0,0,2667,4,0,0,602419,1,202,202,0
0,0,0,1752,1752,0,0,602419,1,2,2,1
0,0,0,1751,1751,0,0,602419,1,2,2,1
0,0,0,2431,2431,0,0,602419,1,2,2,1
0,0,0,1751,1751,0,0,602419,1,2,2,1
0,0,0,1751,1750,0,0,602419,1,2,2,1
0,0,0,2111,2110,0,0,602419,1,2,2,1

==> 2016_LUN1[0.1].csv <==
last_access_rtime, last_access_vtime, create_rtime, clock_time, clock_time_between, compulsory_miss, first_seen, cache_size, obj_size, clock_freq, lifetime_freq, wasted
0,0,0,4267,4267,0,0,239878717440,4096,2,2,1
0,0,0,4267,4267,0,0,239878717440,4096,2,2,1
0,0,0,4267,4267,0,0,239878717440,4096,2,2,1
0,0,0,4267,4267,0,0,239878717440,4096,2,2,1
0,0,0,4267,4267,0,0,239878717440,28672,2,2,1
0,0,0,4267,4267,0,0,239878717440,24576,2,2,1
0,0,0,1751,1751,0,0,239878717440,4096,2,2,1
0,0,0,4267,4267,0,0,239878717440,4096,2,2,1
0,0,0,7284,22,0,0,239878717440,8192,9,9,0

==> 2016_LUN1[0.1,ignore_obj_size].csv <==
last_access_rtime, last_access_vtime, create_rtime, clock_time, clock_time_between, compulsory_miss, first_seen, cache_size, obj_size, clock_freq, lifetime_freq, wasted
0,0,0,4267,4267,0,0,6024191,1,2,2,1
0,0,0,4267,4267,0,0,6024191,1,2,2,1
0,0,0,4267,4267,0,0,6024191,1,2,2,1
0,0,0,4267,4267,0,0,6024191,1,2,2,1
0,0,0,4267,4267,0,0,6024191,1,2,2,1
0,0,0,4267,4267,0,0,6024191,1,2,2,1
0,0,0,1751,1751,0,0,6024191,1,2,2,1
0,0,0,4267,4267,0,0,6024191,1,2,2,1
0,0,0,7284,22,0,0,6024191,1,9,9,0

==> 2016_LUN1[0.2].csv <==
last_access_rtime, last_access_vtime, create_rtime, clock_time, clock_time_between, compulsory_miss, first_seen, cache_size, obj_size, clock_freq, lifetime_freq, wasted
0,0,0,43203,28802,0,0,479757434880,4096,3,3,0
0,0,0,43203,28802,0,0,479757434880,4096,3,3,0
0,0,0,43203,3203,0,0,479757434880,4096,4,4,0
0,0,0,43203,3203,0,0,479757434880,4096,4,4,0
0,0,0,43203,3203,0,0,479757434880,4096,4,4,0
0,0,0,43203,3203,0,0,479757434880,4096,4,4,0
0,0,0,43203,3203,0,0,479757434880,28672,4,4,0
0,0,0,43203,3203,0,0,479757434880,24576,4,4,0
0,0,0,43203,3205,0,0,479757434880,4096,4,4,0

==> 2016_LUN1[0.2,ignore_obj_size].csv <==
last_access_rtime, last_access_vtime, create_rtime, clock_time, clock_time_between, compulsory_miss, first_seen, cache_size, obj_size, clock_freq, lifetime_freq, wasted
0,0,0,14401,14401,0,0,12048382,1,2,2,0
0,0,0,14401,14401,0,0,12048382,1,2,2,0
0,0,0,4267,4267,0,0,12048382,1,2,2,0
0,0,0,4267,4267,0,0,12048382,1,2,2,0
0,0,0,4267,4267,0,0,12048382,1,2,2,0
0,0,0,4267,4267,0,0,12048382,1,2,2,0
0,0,0,4267,4267,0,0,12048382,1,2,2,0
0,0,0,4267,4267,0,0,12048382,1,2,2,0
0,0,0,1751,1751,0,0,12048382,1,2,2,0

==> 2016_LUN1[0.4].csv <==
last_access_rtime, last_access_vtime, create_rtime, clock_time, clock_time_between, compulsory_miss, first_seen, cache_size, obj_size, clock_freq, lifetime_freq, wasted
0,0,0,360029,57606,0,0,959514869760,4096,13,13,0
0,0,0,176845,83207,0,0,959514869760,32768,3,3,0
0,0,0,360029,57606,0,0,959514869760,4096,13,13,0
0,0,0,360029,5933,0,0,959514869760,4096,25,25,0
0,0,0,360029,5933,0,0,959514869760,4096,25,25,0
0,0,0,360029,5933,0,0,959514869760,4096,25,25,0
0,0,0,360029,5933,0,0,959514869760,4096,25,25,0
0,0,0,360029,5933,0,0,959514869760,28672,25,25,0
0,0,0,360029,5933,0,0,959514869760,24576,25,25,0

==> 2016_LUN1[0.4,ignore_obj_size].csv <==
last_access_rtime, last_access_vtime, create_rtime, clock_time, clock_time_between, compulsory_miss, first_seen, cache_size, obj_size, clock_freq, lifetime_freq, wasted
0,0,0,302423,14402,0,0,24096764,1,12,12,0
0,0,0,176845,83207,0,0,24096764,1,3,3,0
0,0,0,302423,14402,0,0,24096764,1,12,12,0
0,0,0,302423,2980,0,0,24096764,1,22,22,0
0,0,0,302423,2980,0,0,24096764,1,22,22,0
0,0,0,302423,2980,0,0,24096764,1,22,22,0
0,0,0,302423,2980,0,0,24096764,1,22,22,0
0,0,0,302423,2980,0,0,24096764,1,22,22,0
0,0,0,302423,2980,0,0,24096764,1,22,22,0

==> 7[0.001].csv <==
last_access_rtime, last_access_vtime, create_rtime, clock_time, clock_time_between, compulsory_miss, first_seen, cache_size, obj_size, clock_freq, lifetime_freq, wasted
0,0,0,1577808089,0,0,0,137870192,4096,107,107,0
0,0,0,1577808091,0,0,0,137870192,4096,232,232,0
0,0,0,1577808017,1,0,0,137870192,8192,11,11,1
0,0,0,1577808089,0,0,0,137870192,4096,82,82,0
0,0,0,1577808090,0,0,0,137870192,4096,216,216,0
0,0,0,1577808047,0,0,0,137870192,8192,19,19,1
0,0,0,1577808090,0,0,0,137870192,4096,62,62,0
0,0,0,1577808094,0,0,0,137870192,4096,196,196,0
0,0,0,1577808002,1,0,0,137870192,8192,4,4,1

==> 7[0.001,ignore_obj_size].csv <==
last_access_rtime, last_access_vtime, create_rtime, clock_time, clock_time_between, compulsory_miss, first_seen, cache_size, obj_size, clock_freq, lifetime_freq, wasted
0,0,0,1577808017,0,0,0,4808,1,29,29,0
0,0,0,1577808021,0,0,0,4808,1,52,52,0
0,0,0,1577808017,1,0,0,4808,1,11,11,1
0,0,0,1577808017,0,0,0,4808,1,22,22,0
0,0,0,1577808021,0,0,0,4808,1,54,54,0
0,0,0,1577808020,0,0,0,4808,1,9,9,0
0,0,0,1577808020,0,0,0,4808,1,18,18,0
0,0,0,1577808020,0,0,0,4808,1,46,46,0
0,0,0,1577808002,1,0,0,4808,1,4,4,1

==> 7[0.01].csv <==
last_access_rtime, last_access_vtime, create_rtime, clock_time, clock_time_between, compulsory_miss, first_seen, cache_size, obj_size, clock_freq, lifetime_freq, wasted
0,0,0,1577811395,0,0,0,1378701824,4096,2933,2933,0
0,0,0,1577811396,0,0,0,1378701824,4096,7751,7751,0
0,0,0,1577808017,1,0,0,1378701824,8192,11,11,1
0,0,0,1577811391,0,0,0,1378701824,4096,2805,2805,0
0,0,0,1577811396,0,0,0,1378701824,4096,7132,7132,0
0,0,0,1577808047,0,0,0,1378701824,8192,19,19,1
0,0,0,1577811396,0,0,0,1378701824,4096,2343,2343,0
0,0,0,1577811396,0,0,0,1378701824,4096,7075,7075,0
0,0,0,1577808002,1,0,0,1378701824,8192,4,4,1

==> 7[0.01,ignore_obj_size].csv <==
last_access_rtime, last_access_vtime, create_rtime, clock_time, clock_time_between, compulsory_miss, first_seen, cache_size, obj_size, clock_freq, lifetime_freq, wasted
0,0,0,1577808619,0,0,0,48085,1,632,632,0
0,0,0,1577808619,0,0,0,48085,1,1629,1629,0
0,0,0,1577808017,1,0,0,48085,1,11,11,1
0,0,0,1577808617,0,0,0,48085,1,606,606,0
0,0,0,1577808620,0,0,0,48085,1,1404,1404,0
0,0,0,1577808047,0,0,0,48085,1,19,19,1
0,0,0,1577808616,0,0,0,48085,1,500,500,0
0,0,0,1577808619,0,0,0,48085,1,1478,1478,0
0,0,0,1577808002,1,0,0,48085,1,4,4,1

==> 7[0.1].csv <==
last_access_rtime, last_access_vtime, create_rtime, clock_time, clock_time_between, compulsory_miss, first_seen, cache_size, obj_size, clock_freq, lifetime_freq, wasted
0,0,0,1577882015,0,0,0,13787018240,4096,67464,67464,0
0,0,0,1577873441,6813,0,0,13787018240,26112,6,6,1
0,0,0,1577850670,6354,0,0,13787018240,1536,5,5,0
0,0,0,1577882016,0,0,0,13787018240,4096,238294,238294,0
0,0,0,1577808017,1,0,0,13787018240,8192,11,11,1
0,0,0,1577872433,4522,0,0,13787018240,1536,5,5,1
0,0,0,1577854002,46002,0,0,13787018240,1536,2,2,1
0,0,0,1577882015,0,0,0,13787018240,4096,71041,71041,0
0,0,0,1577869144,6655,0,0,13787018240,17408,6,6,1

==> 7[0.1,ignore_obj_size].csv <==
last_access_rtime, last_access_vtime, create_rtime, clock_time, clock_time_between, compulsory_miss, first_seen, cache_size, obj_size, clock_freq, lifetime_freq, wasted
0,0,0,1577846297,0,0,0,480854,1,13799,13799,0
0,0,0,1577835904,27904,0,0,480854,1,2,2,1
0,0,0,1577844316,29430,0,0,480854,1,4,4,0
0,0,0,1577846297,0,0,0,480854,1,44888,44888,0
0,0,0,1577808017,1,0,0,480854,1,11,11,1
0,0,0,1577844316,36316,0,0,480854,1,2,2,0
0,0,0,1577846292,0,0,0,480854,1,14855,14855,0
0,0,0,1577835908,27908,0,0,480854,1,2,2,0
0,0,0,1577846298,0,0,0,480854,1,46770,46770,0

==> 7[0.2].csv <==
last_access_rtime, last_access_vtime, create_rtime, clock_time, clock_time_between, compulsory_miss, first_seen, cache_size, obj_size, clock_freq, lifetime_freq, wasted
0,0,0,1577954870,0,0,0,27574036480,4096,114577,114577,0
0,0,0,1577949634,3868,0,0,27574036480,1536,13,13,0
0,0,0,1577949634,50066,0,0,27574036480,17408,9,9,0
0,0,0,1577954873,0,0,0,27574036480,4096,435577,435577,0
0,0,0,1577951349,0,0,0,27574036480,8192,32,32,1
0,0,0,1577872433,4522,0,0,27574036480,1536,5,5,0
0,0,0,1577952187,1253,0,0,27574036480,1536,6,6,0
0,0,0,1577954873,0,0,0,27574036480,4096,120444,120444,0
0,0,0,1577926147,0,0,0,27574036480,8192,4,4,1

==> 7[0.2,ignore_obj_size].csv <==
last_access_rtime, last_access_vtime, create_rtime, clock_time, clock_time_between, compulsory_miss, first_seen, cache_size, obj_size, clock_freq, lifetime_freq, wasted
0,0,0,1577868809,0,0,0,961708,1,45206,45206,0
0,0,0,1577866628,8537,0,0,961708,1,5,5,0
0,0,0,1577850670,6354,0,0,961708,1,5,5,1
0,0,0,1577868812,0,0,0,961708,1,165364,165364,0
0,0,0,1577808017,1,0,0,961708,1,11,11,1
0,0,0,1577867911,20682,0,0,961708,1,4,4,0
0,0,0,1577854002,46002,0,0,961708,1,2,2,1
0,0,0,1577868811,0,0,0,961708,1,47566,47566,0
0,0,0,1577862489,4397,0,0,961708,1,5,5,0

==> 7[0.4].csv <==
last_access_rtime, last_access_vtime, create_rtime, clock_time, clock_time_between, compulsory_miss, first_seen, cache_size, obj_size, clock_freq, lifetime_freq, wasted
0,0,0,1578078716,0,0,0,55148072960,4096,208120,208120,0
0,0,0,1578056102,10624,0,0,55148072960,1536,21,21,0
0,0,0,1578061875,19806,0,0,55148072960,1536,20,20,0
0,0,0,1578078726,0,0,0,55148072960,4096,826090,826090,0
0,0,0,1577951349,0,0,0,55148072960,8192,32,32,1
0,0,0,1578058017,1913,0,0,55148072960,1536,10,10,0
0,0,0,1578026022,11794,0,0,55148072960,1536,9,9,0
0,0,0,1578078731,4,0,0,55148072960,4096,220683,220683,0
0,0,0,1577926147,0,0,0,55148072960,8192,4,4,0

==> 7[0.4,ignore_obj_size].csv <==
last_access_rtime, last_access_vtime, create_rtime, clock_time, clock_time_between, compulsory_miss, first_seen, cache_size, obj_size, clock_freq, lifetime_freq, wasted
0,0,0,1578033643,0,0,0,1923416,1,168982,168982,0
0,0,0,1578022500,51953,0,0,1923416,1,18,18,0
0,0,0,1578031358,6560,0,0,1923416,1,15,15,0
0,0,0,1578033644,0,0,0,1923416,1,664051,664051,0
0,0,0,1577951349,0,0,0,1923416,1,32,32,1
0,0,0,1578024798,37079,0,0,1923416,1,8,8,0
0,0,0,1578026022,11794,0,0,1923416,1,9,9,1
0,0,0,1578033644,0,0,0,1923416,1,177921,177921,0
0,0,0,1577926147,0,0,0,1923416,1,4,4,1

==> block_traces_5[0.001].csv <==
last_access_rtime, last_access_vtime, create_rtime, clock_time, clock_time_between, compulsory_miss, first_seen, cache_size, obj_size, clock_freq, lifetime_freq, wasted
0,0,0,1702857480,2,0,0,32872632320,5231,6,6,1
0,0,0,1702857480,2,0,0,32872632320,2854912,2,2,1
0,0,0,1702857498,7,0,0,32872632320,1859584,4,4,1
0,0,0,1702857578,0,0,0,32872632320,139389,27,27,0
0,0,0,1702857479,0,0,0,32872632320,2142208,2,2,1
0,0,0,1702857489,2,0,0,32872632320,684032,4,4,1
0,0,0,1702857553,1,0,0,32872632320,8388608,3,3,1
0,0,0,1702857482,0,0,0,32872632320,2113536,5,5,1
0,0,0,1702857482,0,0,0,32872632320,999424,2,2,1

==> block_traces_5[0.001,ignore_obj_size].csv <==
last_access_rtime, last_access_vtime, create_rtime, clock_time, clock_time_between, compulsory_miss, first_seen, cache_size, obj_size, clock_freq, lifetime_freq, wasted
0,0,0,1702857480,2,0,0,7110,1,6,6,1
0,0,0,1702857480,2,0,0,7110,1,2,2,1
0,0,0,1702857498,7,0,0,7110,1,4,4,1
0,0,0,1702857578,0,0,0,7110,1,27,27,0
0,0,0,1702857479,0,0,0,7110,1,2,2,1
0,0,0,1702857489,2,0,0,7110,1,4,4,1
0,0,0,1702857553,1,0,0,7110,1,3,3,1
0,0,0,1702857482,0,0,0,7110,1,5,5,1
0,0,0,1702857482,0,0,0,7110,1,2,2,1

==> block_traces_5[0.01].csv <==
last_access_rtime, last_access_vtime, create_rtime, clock_time, clock_time_between, compulsory_miss, first_seen, cache_size, obj_size, clock_freq, lifetime_freq, wasted
0,0,0,1702857480,2,0,0,328726315008,5231,6,6,1
0,0,0,1702857480,2,0,0,328726315008,2854912,2,2,1
0,0,0,1702857498,7,0,0,328726315008,1859584,4,4,1
0,0,0,1702858178,0,0,0,328726315008,307200,144,144,1
0,0,0,1702857479,0,0,0,328726315008,2142208,2,2,1
0,0,0,1702857951,1,0,0,328726315008,791196,4,4,1
0,0,0,1702857489,2,0,0,328726315008,684032,4,4,1
0,0,0,1702857553,1,0,0,328726315008,8388608,3,3,1
0,0,0,1702857482,0,0,0,328726315008,2113536,5,5,1

==> block_traces_5[0.01,ignore_obj_size].csv <==
last_access_rtime, last_access_vtime, create_rtime, clock_time, clock_time_between, compulsory_miss, first_seen, cache_size, obj_size, clock_freq, lifetime_freq, wasted
0,0,0,1702857480,2,0,0,71104,1,6,6,1
0,0,0,1702857480,2,0,0,71104,1,2,2,1
0,0,0,1702857498,7,0,0,71104,1,4,4,1
0,0,0,1702858178,0,0,0,71104,1,144,144,1
0,0,0,1702857479,0,0,0,71104,1,2,2,1
0,0,0,1702857951,1,0,0,71104,1,4,4,1
0,0,0,1702857489,2,0,0,71104,1,4,4,1
0,0,0,1702857553,1,0,0,71104,1,3,3,1
0,0,0,1702857482,0,0,0,71104,1,5,5,1

==> block_traces_5[0.1].csv <==
last_access_rtime, last_access_vtime, create_rtime, clock_time, clock_time_between, compulsory_miss, first_seen, cache_size, obj_size, clock_freq, lifetime_freq, wasted
0,0,0,1702857480,2,0,0,3287263215616,5231,6,6,1
0,0,0,1702857480,2,0,0,3287263215616,2854912,2,2,1
0,0,0,1702857498,7,0,0,3287263215616,1859584,4,4,1
0,0,0,1702862307,0,0,0,3287263215616,237568,305,305,1
0,0,0,1702857479,0,0,0,3287263215616,2142208,2,2,1
0,0,0,1702857951,1,0,0,3287263215616,791196,4,4,1
0,0,0,1702857489,2,0,0,3287263215616,684032,4,4,1
0,0,0,1702857553,1,0,0,3287263215616,8388608,3,3,1
0,0,0,1702857482,0,0,0,3287263215616,2113536,5,5,1

==> block_traces_5[0.1,ignore_obj_size].csv <==
last_access_rtime, last_access_vtime, create_rtime, clock_time, clock_time_between, compulsory_miss, first_seen, cache_size, obj_size, clock_freq, lifetime_freq, wasted
0,0,0,1702857480,2,0,0,711041,1,6,6,1
0,0,0,1702857480,2,0,0,711041,1,2,2,1
0,0,0,1702857498,7,0,0,711041,1,4,4,1
0,0,0,1702862307,0,0,0,711041,1,305,305,1
0,0,0,1702857479,0,0,0,711041,1,2,2,1
0,0,0,1702857951,1,0,0,711041,1,4,4,1
0,0,0,1702857489,2,0,0,711041,1,4,4,1
0,0,0,1702857553,1,0,0,711041,1,3,3,1
0,0,0,1702857482,0,0,0,711041,1,5,5,1

==> block_traces_5[0.2].csv <==
last_access_rtime, last_access_vtime, create_rtime, clock_time, clock_time_between, compulsory_miss, first_seen, cache_size, obj_size, clock_freq, lifetime_freq, wasted
0,0,0,1702857480,2,0,0,6574526431232,5231,6,6,1
0,0,0,1702857480,2,0,0,6574526431232,2854912,2,2,1
0,0,0,1702857498,7,0,0,6574526431232,1859584,4,4,1
0,0,0,1702862307,0,0,0,6574526431232,237568,305,305,1
0,0,0,1702857479,0,0,0,6574526431232,2142208,2,2,1
0,0,0,1702857951,1,0,0,6574526431232,791196,4,4,1
0,0,0,1702857489,2,0,0,6574526431232,684032,4,4,1
0,0,0,1702857553,1,0,0,6574526431232,8388608,3,3,1
0,0,0,1702857482,0,0,0,6574526431232,2113536,5,5,1

==> block_traces_5[0.2,ignore_obj_size].csv <==
last_access_rtime, last_access_vtime, create_rtime, clock_time, clock_time_between, compulsory_miss, first_seen, cache_size, obj_size, clock_freq, lifetime_freq, wasted
0,0,0,1702857480,2,0,0,1422082,1,6,6,1
0,0,0,1702857480,2,0,0,1422082,1,2,2,1
0,0,0,1702857498,7,0,0,1422082,1,4,4,1
0,0,0,1702862307,0,0,0,1422082,1,305,305,1
0,0,0,1702857479,0,0,0,1422082,1,2,2,1
0,0,0,1702857951,1,0,0,1422082,1,4,4,1
0,0,0,1702857489,2,0,0,1422082,1,4,4,1
0,0,0,1702857553,1,0,0,1422082,1,3,3,1
0,0,0,1702857482,0,0,0,1422082,1,5,5,1

==> block_traces_5[0.4].csv <==
last_access_rtime, last_access_vtime, create_rtime, clock_time, clock_time_between, compulsory_miss, first_seen, cache_size, obj_size, clock_freq, lifetime_freq, wasted
0,0,0,1702857480,2,0,0,13149052862464,5231,6,6,1
0,0,0,1702857480,2,0,0,13149052862464,2854912,2,2,1
0,0,0,1702857498,7,0,0,13149052862464,1859584,4,4,1
0,0,0,1702862307,0,0,0,13149052862464,237568,305,305,1
0,0,0,1702857479,0,0,0,13149052862464,2142208,2,2,1
0,0,0,1702857951,1,0,0,13149052862464,791196,4,4,1
0,0,0,1702857489,2,0,0,13149052862464,684032,4,4,1
0,0,0,1702857553,1,0,0,13149052862464,8388608,3,3,1
0,0,0,1702857482,0,0,0,13149052862464,2113536,5,5,1

==> block_traces_5[0.4,ignore_obj_size].csv <==
last_access_rtime, last_access_vtime, create_rtime, clock_time, clock_time_between, compulsory_miss, first_seen, cache_size, obj_size, clock_freq, lifetime_freq, wasted
0,0,0,1702857480,2,0,0,2844165,1,6,6,1
0,0,0,1702857480,2,0,0,2844165,1,2,2,1
0,0,0,1702857498,7,0,0,2844165,1,4,4,1
0,0,0,1702862307,0,0,0,2844165,1,305,305,1
0,0,0,1702857479,0,0,0,2844165,1,2,2,1
0,0,0,1702857951,1,0,0,2844165,1,4,4,1
0,0,0,1702857489,2,0,0,2844165,1,4,4,1
0,0,0,1702857553,1,0,0,2844165,1,3,3,1
0,0,0,1702857482,0,0,0,2844165,1,5,5,1

==> cluster50[0.001].csv <==
last_access_rtime, last_access_vtime, create_rtime, clock_time, clock_time_between, compulsory_miss, first_seen, cache_size, obj_size, clock_freq, lifetime_freq, wasted
0,0,0,1,1,0,0,43347400,14,2,2,1
0,0,0,1,1,0,0,43347400,14,2,2,1
0,0,0,0,0,0,0,43347400,23,2,2,1
0,0,0,1,1,0,0,43347400,23798,2,2,1
0,0,0,1,1,0,0,43347400,13,2,2,1
0,0,0,1,1,0,0,43347400,13,2,2,1
0,0,0,1,1,0,0,43347400,12,2,2,1
0,0,0,1,1,0,0,43347400,23,2,2,1
0,0,0,1,1,0,0,43347400,23,2,2,1

==> cluster50[0.001,ignore_obj_size].csv <==
last_access_rtime, last_access_vtime, create_rtime, clock_time, clock_time_between, compulsory_miss, first_seen, cache_size, obj_size, clock_freq, lifetime_freq, wasted
0,0,0,1,1,0,0,2660,1,2,2,1
0,0,0,1,1,0,0,2660,1,2,2,1
0,0,0,0,0,0,0,2660,1,2,2,1
0,0,0,1,1,0,0,2660,1,2,2,1
0,0,0,1,1,0,0,2660,1,2,2,1
0,0,0,1,1,0,0,2660,1,2,2,1
0,0,0,1,1,0,0,2660,1,2,2,1
0,0,0,1,1,0,0,2660,1,2,2,1
0,0,0,1,1,0,0,2660,1,2,2,1

==> cluster50[0.01].csv <==
last_access_rtime, last_access_vtime, create_rtime, clock_time, clock_time_between, compulsory_miss, first_seen, cache_size, obj_size, clock_freq, lifetime_freq, wasted
0,0,0,1,1,0,0,433473984,14,2,2,1
0,0,0,1,1,0,0,433473984,14,2,2,1
0,0,0,0,0,0,0,433473984,23,2,2,1
0,0,0,1,1,0,0,433473984,23798,2,2,1
0,0,0,1,1,0,0,433473984,13,2,2,1
0,0,0,1,1,0,0,433473984,13,2,2,1
0,0,0,1,1,0,0,433473984,12,2,2,1
0,0,0,1,1,0,0,433473984,23,2,2,1
0,0,0,1,1,0,0,433473984,23,2,2,1

==> cluster50[0.01,ignore_obj_size].csv <==
last_access_rtime, last_access_vtime, create_rtime, clock_time, clock_time_between, compulsory_miss, first_seen, cache_size, obj_size, clock_freq, lifetime_freq, wasted
0,0,0,1,1,0,0,26609,1,2,2,1
0,0,0,1,1,0,0,26609,1,2,2,1
0,0,0,0,0,0,0,26609,1,2,2,1
0,0,0,148,147,0,0,26609,1,3,3,1
0,0,0,1,1,0,0,26609,1,2,2,0
0,0,0,1,1,0,0,26609,1,2,2,0
0,0,0,1,1,0,0,26609,1,2,2,1
0,0,0,1,1,0,0,26609,1,2,2,1
0,0,0,1,1,0,0,26609,1,2,2,1

==> cluster50[0.1].csv <==
last_access_rtime, last_access_vtime, create_rtime, clock_time, clock_time_between, compulsory_miss, first_seen, cache_size, obj_size, clock_freq, lifetime_freq, wasted
0,0,0,342,0,0,0,4334739968,14,4,4,0
0,0,0,617,0,0,0,4334739968,14,4,4,0
0,0,0,961,89,0,0,4334739968,111101,5,5,1
0,0,0,964,964,0,0,4334739968,60731,2,2,0
0,0,0,1176,1176,0,0,4334739968,23,3,3,1
0,0,0,1315,818,0,0,4334739968,23798,6,6,1
0,0,0,221,220,0,0,4334739968,13,3,3,1
0,0,0,1366,0,0,0,4334739968,13,8,8,0
0,0,0,1,1,0,0,4334739968,12,2,2,1

==> cluster50[0.1,ignore_obj_size].csv <==
last_access_rtime, last_access_vtime, create_rtime, clock_time, clock_time_between, compulsory_miss, first_seen, cache_size, obj_size, clock_freq, lifetime_freq, wasted
0,0,0,3543,1,0,0,266098,1,15,15,1
0,0,0,1716,116,0,0,266098,1,6,6,0
0,0,0,3151,1,0,0,266098,1,7,7,0
0,0,0,3479,0,0,0,266098,1,8,8,0
0,0,0,1176,1176,0,0,266098,1,3,3,1
0,0,0,2108,351,0,0,266098,1,5,5,1
0,0,0,1315,818,0,0,266098,1,6,6,1
0,0,0,2826,1,0,0,266098,1,5,5,1
0,0,0,3727,100,0,0,266098,1,15,15,0

==> cluster50[0.2].csv <==
last_access_rtime, last_access_vtime, create_rtime, clock_time, clock_time_between, compulsory_miss, first_seen, cache_size, obj_size, clock_freq, lifetime_freq, wasted
0,0,0,3543,1,0,0,8669479936,14,15,15,1
0,0,0,6886,71,0,0,8669479936,14,9,9,0
0,0,0,4574,1423,0,0,8669479936,111101,8,8,1
0,0,0,4829,512,0,0,8669479936,60731,10,10,1
0,0,0,1176,1176,0,0,8669479936,23,3,3,1
0,0,0,2108,351,0,0,8669479936,67457,5,5,1
0,0,0,1315,818,0,0,8669479936,23798,6,6,0
0,0,0,2826,1,0,0,8669479936,13,5,5,1
0,0,0,6118,0,0,0,8669479936,13,19,19,1

==> cluster50[0.2,ignore_obj_size].csv <==
last_access_rtime, last_access_vtime, create_rtime, clock_time, clock_time_between, compulsory_miss, first_seen, cache_size, obj_size, clock_freq, lifetime_freq, wasted
0,0,0,3543,1,0,0,532197,1,15,15,1
0,0,0,9995,1,0,0,532197,1,21,21,1
0,0,0,4574,1423,0,0,532197,1,8,8,1
0,0,0,4829,512,0,0,532197,1,10,10,0
0,0,0,1176,1176,0,0,532197,1,3,3,1
0,0,0,11133,1,0,0,532197,1,7,7,1
0,0,0,10104,8789,0,0,532197,1,7,7,1
0,0,0,2826,1,0,0,532197,1,5,5,1
0,0,0,11460,496,0,0,532197,1,22,22,0

==> cluster50[0.4].csv <==
last_access_rtime, last_access_vtime, create_rtime, clock_time, clock_time_between, compulsory_miss, first_seen, cache_size, obj_size, clock_freq, lifetime_freq, wasted
0,0,0,3543,1,0,0,17338959872,14,15,15,1
0,0,0,9995,1,0,0,17338959872,14,21,21,0
0,0,0,4574,1423,0,0,17338959872,111101,8,8,0
0,0,0,27707,600,0,0,17338959872,60731,28,28,0
0,0,0,1176,1176,0,0,17338959872,23,3,3,1
0,0,0,11133,1,0,0,17338959872,67457,7,7,0
0,0,0,10104,8789,0,0,17338959872,23798,7,7,0
0,0,0,2826,1,0,0,17338959872,13,5,5,0
0,0,0,18486,0,0,0,17338959872,13,26,26,0

==> cluster50[0.4,ignore_obj_size].csv <==
last_access_rtime, last_access_vtime, create_rtime, clock_time, clock_time_between, compulsory_miss, first_seen, cache_size, obj_size, clock_freq, lifetime_freq, wasted
0,0,0,44732,86,0,0,1064395,1,24,24,1
0,0,0,47787,236,0,0,1064395,1,39,39,0
0,0,0,48837,1,0,0,1064395,1,70,70,0
0,0,0,48715,402,0,0,1064395,1,56,56,0
0,0,0,1176,1176,0,0,1064395,1,3,3,0
0,0,0,43652,967,0,0,1064395,1,16,16,0
0,0,0,48096,276,0,0,1064395,1,43,43,1
0,0,0,47084,0,0,0,1064395,1,17,17,0
0,0,0,41230,1,0,0,1064395,1,28,28,0

==> fiu_cheetah.cs.fiu.edu-110108-113008[0.001].csv <==
last_access_rtime, last_access_vtime, create_rtime, clock_time, clock_time_between, compulsory_miss, first_seen, cache_size, obj_size, clock_freq, lifetime_freq, wasted
0,0,0,314,312,0,0,61068004,4096,2,2,1
0,0,0,279,277,0,0,61068004,4096,2,2,1
0,0,0,279,277,0,0,61068004,4096,2,2,1
0,0,0,279,277,0,0,61068004,4096,2,2,1
0,0,0,279,277,0,0,61068004,4096,2,2,1
0,0,0,388,386,0,0,61068004,4096,2,2,1
0,0,0,279,144,0,0,61068004,4096,2,2,1
0,0,0,279,144,0,0,61068004,4096,2,2,1
0,0,0,279,144,0,0,61068004,4096,2,2,1

==> fiu_cheetah.cs.fiu.edu-110108-113008[0.001,ignore_obj_size].csv <==
last_access_rtime, last_access_vtime, create_rtime, clock_time, clock_time_between, compulsory_miss, first_seen, cache_size, obj_size, clock_freq, lifetime_freq, wasted
0,0,0,314,312,0,0,14909,1,2,2,1
0,0,0,279,277,0,0,14909,1,2,2,1
0,0,0,279,277,0,0,14909,1,2,2,1
0,0,0,279,277,0,0,14909,1,2,2,1
0,0,0,279,277,0,0,14909,1,2,2,1
0,0,0,388,386,0,0,14909,1,2,2,1
0,0,0,279,144,0,0,14909,1,2,2,1
0,0,0,279,144,0,0,14909,1,2,2,1
0,0,0,279,144,0,0,14909,1,2,2,1

==> fiu_cheetah.cs.fiu.edu-110108-113008[0.01].csv <==
last_access_rtime, last_access_vtime, create_rtime, clock_time, clock_time_between, compulsory_miss, first_seen, cache_size, obj_size, clock_freq, lifetime_freq, wasted
0,0,0,565,563,0,0,610680000,4096,2,2,0
0,0,0,565,563,0,0,610680000,4096,2,2,0
0,0,0,565,563,0,0,610680000,4096,2,2,0
0,0,0,565,563,0,0,610680000,4096,2,2,0
0,0,0,663,98,0,0,610680000,4096,3,3,1
0,0,0,741,79,0,0,610680000,4096,4,4,0
0,0,0,663,661,0,0,610680000,4096,2,2,1
0,0,0,663,661,0,0,610680000,4096,2,2,1
0,0,0,314,312,0,0,610680000,4096,2,2,0

==> fiu_cheetah.cs.fiu.edu-110108-113008[0.01,ignore_obj_size].csv <==
last_access_rtime, last_access_vtime, create_rtime, clock_time, clock_time_between, compulsory_miss, first_seen, cache_size, obj_size, clock_freq, lifetime_freq, wasted
0,0,0,565,563,0,0,149091,1,2,2,0
0,0,0,565,563,0,0,149091,1,2,2,0
0,0,0,565,563,0,0,149091,1,2,2,0
0,0,0,565,563,0,0,149091,1,2,2,0
0,0,0,663,98,0,0,149091,1,3,3,1
0,0,0,741,79,0,0,149091,1,4,4,0
0,0,0,663,661,0,0,149091,1,2,2,1
0,0,0,663,661,0,0,149091,1,2,2,1
0,0,0,314,312,0,0,149091,1,2,2,0

==> fiu_cheetah.cs.fiu.edu-110108-113008[0.1].csv <==
last_access_rtime, last_access_vtime, create_rtime, clock_time, clock_time_between, compulsory_miss, first_seen, cache_size, obj_size, clock_freq, lifetime_freq, wasted
0,0,0,24577,1764,0,0,6106800128,4096,8,8,0
0,0,0,24577,1764,0,0,6106800128,4096,8,8,0
0,0,0,24577,1764,0,0,6106800128,4096,8,8,0
0,0,0,24577,1764,0,0,6106800128,4096,8,8,0
0,0,0,24577,1764,0,0,6106800128,4096,8,8,0
0,0,0,24577,1764,0,0,6106800128,4096,8,8,0
0,0,0,24577,1764,0,0,6106800128,4096,8,8,0
0,0,0,5963,5963,0,0,6106800128,4096,2,2,1
0,0,0,24577,1764,0,0,6106800128,4096,8,8,0

==> fiu_cheetah.cs.fiu.edu-110108-113008[0.1,ignore_obj_size].csv <==
last_access_rtime, last_access_vtime, create_rtime, clock_time, clock_time_between, compulsory_miss, first_seen, cache_size, obj_size, clock_freq, lifetime_freq, wasted
0,0,0,24577,1764,0,0,1490918,1,8,8,0
0,0,0,24577,1764,0,0,1490918,1,8,8,0
0,0,0,24577,1764,0,0,1490918,1,8,8,0
0,0,0,24577,1764,0,0,1490918,1,8,8,0
0,0,0,24577,1764,0,0,1490918,1,8,8,0
0,0,0,24577,1764,0,0,1490918,1,8,8,0
0,0,0,24577,1764,0,0,1490918,1,8,8,0
0,0,0,5963,5963,0,0,1490918,1,2,2,1
0,0,0,24577,1764,0,0,1490918,1,8,8,0

==> fiu_cheetah.cs.fiu.edu-110108-113008[0.2].csv <==
last_access_rtime, last_access_vtime, create_rtime, clock_time, clock_time_between, compulsory_miss, first_seen, cache_size, obj_size, clock_freq, lifetime_freq, wasted
0,0,0,104434,659,0,0,12213600256,4096,51,51,0
0,0,0,104434,659,0,0,12213600256,4096,51,51,0
0,0,0,104434,659,0,0,12213600256,4096,51,51,0
0,0,0,104434,659,0,0,12213600256,4096,51,51,0
0,0,0,104434,658,0,0,12213600256,4096,51,51,0
0,0,0,104434,658,0,0,12213600256,4096,51,51,0
0,0,0,104434,658,0,0,12213600256,4096,51,51,0
0,0,0,5963,5963,0,0,12213600256,4096,2,2,0
0,0,0,104434,658,0,0,12213600256,4096,51,51,0

==> fiu_cheetah.cs.fiu.edu-110108-113008[0.2,ignore_obj_size].csv <==
last_access_rtime, last_access_vtime, create_rtime, clock_time, clock_time_between, compulsory_miss, first_seen, cache_size, obj_size, clock_freq, lifetime_freq, wasted
0,0,0,104434,659,0,0,2981836,1,51,51,0
0,0,0,104434,659,0,0,2981836,1,51,51,0
0,0,0,104434,659,0,0,2981836,1,51,51,0
0,0,0,104434,659,0,0,2981836,1,51,51,0
0,0,0,104434,658,0,0,2981836,1,51,51,0
0,0,0,104434,658,0,0,2981836,1,51,51,0
0,0,0,104434,658,0,0,2981836,1,51,51,0
0,0,0,5963,5963,0,0,2981836,1,2,2,0
0,0,0,104434,658,0,0,2981836,1,51,51,0

==> fiu_cheetah.cs.fiu.edu-110108-113008[0.4].csv <==
last_access_rtime, last_access_vtime, create_rtime, clock_time, clock_time_between, compulsory_miss, first_seen, cache_size, obj_size, clock_freq, lifetime_freq, wasted
0,0,0,250235,0,0,0,24427200512,4096,6,6,0
0,0,0,250235,0,0,0,24427200512,4096,6,6,0
0,0,0,288590,0,0,0,24427200512,4096,3,3,0
0,0,0,288590,0,0,0,24427200512,4096,3,3,0
0,0,0,384007,2419,0,0,24427200512,4096,222,222,0
0,0,0,384007,2419,0,0,24427200512,4096,222,222,0
0,0,0,384007,2419,0,0,24427200512,4096,223,223,0
0,0,0,384007,2419,0,0,24427200512,4096,223,223,0
0,0,0,384007,2419,0,0,24427200512,4096,223,223,0

==> fiu_cheetah.cs.fiu.edu-110108-113008[0.4,ignore_obj_size].csv <==
last_access_rtime, last_access_vtime, create_rtime, clock_time, clock_time_between, compulsory_miss, first_seen, cache_size, obj_size, clock_freq, lifetime_freq, wasted
0,0,0,250235,0,0,0,5963672,1,6,6,0
0,0,0,250235,0,0,0,5963672,1,6,6,0
0,0,0,288590,0,0,0,5963672,1,3,3,0
0,0,0,288590,0,0,0,5963672,1,3,3,0
0,0,0,384007,2419,0,0,5963672,1,222,222,0
0,0,0,384007,2419,0,0,5963672,1,222,222,0
0,0,0,384007,2419,0,0,5963672,1,223,223,0
0,0,0,384007,2419,0,0,5963672,1,223,223,0
0,0,0,384007,2419,0,0,5963672,1,223,223,0

==> meta_kvcache_traces_1[0.001].csv <==
last_access_rtime, last_access_vtime, create_rtime, clock_time, clock_time_between, compulsory_miss, first_seen, cache_size, obj_size, clock_freq, lifetime_freq, wasted
0,0,0,25,0,0,0,16135406,104,18,18,1
0,0,0,21,9,0,0,16135406,81,7,7,1
0,0,0,28,0,0,0,16135406,169,200,200,1
0,0,0,25,8,0,0,16135406,639,19,19,0
0,0,0,17,0,0,0,16135406,131,5,5,1
0,0,0,11,10,0,0,16135406,171,3,3,1
0,0,0,22,2,0,0,16135406,178,14,14,0
0,0,0,0,0,0,0,16135406,3694,2,2,1
0,0,0,0,0,0,0,16135406,1000,2,2,0

==> meta_kvcache_traces_1[0.001,ignore_obj_size].csv <==
last_access_rtime, last_access_vtime, create_rtime, clock_time, clock_time_between, compulsory_miss, first_seen, cache_size, obj_size, clock_freq, lifetime_freq, wasted
0,0,0,25,0,0,0,17112,1,18,18,1
0,0,0,21,9,0,0,17112,1,7,7,1
0,0,0,25,0,0,0,17112,1,192,192,0
0,0,0,25,8,0,0,17112,1,19,19,0
0,0,0,17,0,0,0,17112,1,5,5,1
0,0,0,11,10,0,0,17112,1,3,3,1
0,0,0,22,2,0,0,17112,1,14,14,0
0,0,0,0,0,0,0,17112,1,2,2,1
0,0,0,0,0,0,0,17112,1,2,2,0

==> meta_kvcache_traces_1[0.01].csv <==
last_access_rtime, last_access_vtime, create_rtime, clock_time, clock_time_between, compulsory_miss, first_seen, cache_size, obj_size, clock_freq, lifetime_freq, wasted
0,0,0,225,18,0,0,161354048,208,5,5,1
0,0,0,270,1,0,0,161354048,104,51,51,0
0,0,0,233,39,0,0,161354048,81,19,19,0
0,0,0,241,0,0,0,161354048,169,565,565,0
0,0,0,260,4,0,0,161354048,639,74,74,0
0,0,0,263,0,0,0,161354048,131,24,24,0
0,0,0,262,36,0,0,161354048,171,13,13,0
0,0,0,283,23,0,0,161354048,178,65,65,0
0,0,0,246,246,0,0,161354048,162,2,2,1

==> meta_kvcache_traces_1[0.01,ignore_obj_size].csv <==
last_access_rtime, last_access_vtime, create_rtime, clock_time, clock_time_between, compulsory_miss, first_seen, cache_size, obj_size, clock_freq, lifetime_freq, wasted
0,0,0,225,18,0,0,171120,1,5,5,1
0,0,0,232,3,0,0,171120,1,47,47,0
0,0,0,194,0,0,0,171120,1,18,18,0
0,0,0,220,0,0,0,171120,1,554,554,0
0,0,0,230,5,0,0,171120,1,70,70,0
0,0,0,212,6,0,0,171120,1,22,22,0
0,0,0,226,1,0,0,171120,1,12,12,0
0,0,0,196,2,0,0,171120,1,62,62,0
0,0,0,0,0,0,0,171120,1,2,2,1

==> meta_kvcache_traces_1[0.1].csv <==
last_access_rtime, last_access_vtime, create_rtime, clock_time, clock_time_between, compulsory_miss, first_seen, cache_size, obj_size, clock_freq, lifetime_freq, wasted
0,0,0,1854,49,0,0,1613540608,208,22,22,0
0,0,0,4513,0,0,0,1613540608,104,924,924,0
0,0,0,4304,1474,0,0,1613540608,81,41,41,0
0,0,0,4515,0,0,0,1613540608,169,8168,8168,0
0,0,0,4465,33,0,0,1613540608,109,142,142,0
0,0,0,4517,26,0,0,1613540608,639,723,723,0
0,0,0,4501,4,0,0,1613540608,131,390,390,0
0,0,0,2756,2756,0,0,1613540608,305,2,2,1
0,0,0,2101,30,0,0,1613540608,171,41,41,1

==> meta_kvcache_traces_1[0.1,ignore_obj_size].csv <==
last_access_rtime, last_access_vtime, create_rtime, clock_time, clock_time_between, compulsory_miss, first_seen, cache_size, obj_size, clock_freq, lifetime_freq, wasted
0,0,0,1854,49,0,0,1711209,1,22,22,1
0,0,0,4082,0,0,0,1711209,1,830,830,0
0,0,0,2830,56,0,0,1711209,1,40,40,0
0,0,0,4066,0,0,0,1711209,1,7415,7415,0
0,0,0,4021,25,0,0,1711209,1,132,132,0
0,0,0,4058,2,0,0,1711209,1,666,666,0
0,0,0,4075,0,0,0,1711209,1,352,352,0
0,0,0,2756,2756,0,0,1711209,1,2,2,1
0,0,0,2101,30,0,0,1711209,1,41,41,1

==> meta_kvcache_traces_1[0.2].csv <==
last_access_rtime, last_access_vtime, create_rtime, clock_time, clock_time_between, compulsory_miss, first_seen, cache_size, obj_size, clock_freq, lifetime_freq, wasted
0,0,0,7280,0,0,0,3227081216,211,26,26,1
0,0,0,10807,4,0,0,3227081216,104,1964,1964,0
0,0,0,9645,1125,0,0,3227081216,81,46,46,0
0,0,0,10891,0,0,0,3227081216,169,16868,16868,0
0,0,0,10795,13,0,0,3227081216,109,370,370,0
0,0,0,10888,43,0,0,3227081216,639,1127,1127,0
0,0,0,10839,6,0,0,3227081216,131,1026,1026,0
0,0,0,2756,2756,0,0,3227081216,305,2,2,1
0,0,0,2101,30,0,0,3227081216,171,41,41,1

==> meta_kvcache_traces_1[0.2,ignore_obj_size].csv <==
last_access_rtime, last_access_vtime, create_rtime, clock_time, clock_time_between, compulsory_miss, first_seen, cache_size, obj_size, clock_freq, lifetime_freq, wasted
0,0,0,7280,0,0,0,3422419,1,26,26,1
0,0,0,10035,5,0,0,3422419,1,1902,1902,0
0,0,0,9645,1125,0,0,3422419,1,46,46,0
0,0,0,10033,0,0,0,3422419,1,15924,15924,0
0,0,0,9935,4,0,0,3422419,1,346,346,0
0,0,0,10024,0,0,0,3422419,1,1080,1080,0
0,0,0,10035,0,0,0,3422419,1,929,929,0
0,0,0,2756,2756,0,0,3422419,1,2,2,1
0,0,0,2101,30,0,0,3422419,1,41,41,1

==> meta_kvcache_traces_1[0.4].csv <==
last_access_rtime, last_access_vtime, create_rtime, clock_time, clock_time_between, compulsory_miss, first_seen, cache_size, obj_size, clock_freq, lifetime_freq, wasted
0,0,0,7280,0,0,0,6454162432,211,26,26,1
0,0,0,26153,1,0,0,6454162432,104,3680,3680,0
0,0,0,25639,599,0,0,6454162432,81,84,84,0
0,0,0,26153,0,0,0,6454162432,169,33363,33363,0
0,0,0,26140,177,0,0,6454162432,109,762,762,0
0,0,0,26170,17,0,0,6454162432,635,1659,1659,0
0,0,0,26151,15,0,0,6454162432,131,2743,2743,0
0,0,0,2756,2756,0,0,6454162432,305,2,2,1
0,0,0,2101,30,0,0,6454162432,171,41,41,1

==> meta_kvcache_traces_1[0.4,ignore_obj_size].csv <==
last_access_rtime, last_access_vtime, create_rtime, clock_time, clock_time_between, compulsory_miss, first_seen, cache_size, obj_size, clock_freq, lifetime_freq, wasted
0,0,0,7280,0,0,0,6844838,1,26,26,1
0,0,0,24518,0,0,0,6844838,1,3480,3480,0
0,0,0,24034,1692,0,0,6844838,1,81,81,0
0,0,0,24509,0,0,0,6844838,1,31357,31357,0
0,0,0,24422,29,0,0,6844838,1,741,741,0
0,0,0,24491,101,0,0,6844838,1,1594,1594,0
0,0,0,24498,0,0,0,6844838,1,2577,2577,0
0,0,0,2756,2756,0,0,6844838,1,2,2,1
0,0,0,2101,30,0,0,6844838,1,41,41,1

==> meta_rnha[0.001].csv <==
last_access_rtime, last_access_vtime, create_rtime, clock_time, clock_time_between, compulsory_miss, first_seen, cache_size, obj_size, clock_freq, lifetime_freq, wasted
0,0,0,6,0,0,0,764690104320,8892372,3,3,1
0,0,0,111,1,0,0,764690104320,110557540,30,30,1
0,0,0,17,11,0,0,764690104320,42605526,2,2,1
0,0,0,7,0,0,0,764690104320,52428800,5,5,1
0,0,0,282,5,0,0,764690104320,305378272,55,55,1
0,0,0,191,183,0,0,764690104320,2088203,2,2,1
0,0,0,8,0,0,0,764690104320,10485760,3,3,1
0,0,0,8,0,0,0,764690104320,2017424,2,2,1
0,0,0,9,0,0,0,764690104320,170859,2,2,1

==> meta_rnha[0.001,ignore_obj_size].csv <==
last_access_rtime, last_access_vtime, create_rtime, clock_time, clock_time_between, compulsory_miss, first_seen, cache_size, obj_size, clock_freq, lifetime_freq, wasted
0,0,0,6,0,0,0,35040,1,3,3,1
0,0,0,111,1,0,0,35040,1,30,30,1
0,0,0,17,11,0,0,35040,1,2,2,1
0,0,0,7,0,0,0,35040,1,5,5,1
0,0,0,282,5,0,0,35040,1,55,55,1
0,0,0,191,183,0,0,35040,1,2,2,1
0,0,0,8,0,0,0,35040,1,3,3,1
0,0,0,8,0,0,0,35040,1,2,2,1
0,0,0,9,0,0,0,35040,1,2,2,1

==> meta_rnha[0.01].csv <==
last_access_rtime, last_access_vtime, create_rtime, clock_time, clock_time_between, compulsory_miss, first_seen, cache_size, obj_size, clock_freq, lifetime_freq, wasted
0,0,0,6,0,0,0,7646900387840,8892372,3,3,1
0,0,0,946,942,0,0,7646900387840,11129278,2,2,1
0,0,0,5872,5,0,0,7646900387840,110557540,34,34,1
0,0,0,17,11,0,0,7646900387840,42605526,2,2,0
0,0,0,6416,916,0,0,7646900387840,634637,4,4,1
0,0,0,2123,2117,0,0,7646900387840,35443,2,2,1
0,0,0,3444,1,0,0,7646900387840,127492,3,3,1
0,0,0,7,0,0,0,7646900387840,52428800,5,5,1
0,0,0,6231,6224,0,0,7646900387840,420317,2,2,1

==> meta_rnha[0.01,ignore_obj_size].csv <==
last_access_rtime, last_access_vtime, create_rtime, clock_time, clock_time_between, compulsory_miss, first_seen, cache_size, obj_size, clock_freq, lifetime_freq, wasted
0,0,0,6,0,0,0,350402,1,3,3,1
0,0,0,946,942,0,0,350402,1,2,2,1
0,0,0,111,1,0,0,350402,1,30,30,0
0,0,0,17,11,0,0,350402,1,2,2,0
0,0,0,4691,4685,0,0,350402,1,2,2,0
0,0,0,2123,2117,0,0,350402,1,2,2,1
0,0,0,3444,1,0,0,350402,1,3,3,1
0,0,0,7,0,0,0,350402,1,5,5,1
0,0,0,282,5,0,0,350402,1,55,55,1

==> meta_rnha[0.1].csv <==
last_access_rtime, last_access_vtime, create_rtime, clock_time, clock_time_between, compulsory_miss, first_seen, cache_size, obj_size, clock_freq, lifetime_freq, wasted
0,0,0,6,0,0,0,76469007024128,8892372,3,3,0
0,0,0,36032,13969,0,0,76469007024128,11129278,5,5,1
0,0,0,56598,5,0,0,76469007024128,110557540,219,219,0
0,0,0,62706,2,0,0,76469007024128,42605526,103,103,0
0,0,0,28857,28851,0,0,76469007024128,25528,2,2,1
0,0,0,62091,0,0,0,76469007024128,634637,16,16,0
0,0,0,56247,54124,0,0,76469007024128,35443,3,3,1
0,0,0,3444,1,0,0,76469007024128,127492,3,3,1
0,0,0,7,0,0,0,76469007024128,52428800,5,5,1

==> meta_rnha[0.1,ignore_obj_size].csv <==
last_access_rtime, last_access_vtime, create_rtime, clock_time, clock_time_between, compulsory_miss, first_seen, cache_size, obj_size, clock_freq, lifetime_freq, wasted
0,0,0,6,0,0,0,3504028,1,3,3,0
0,0,0,36032,13969,0,0,3504028,1,5,5,1
0,0,0,34066,6389,0,0,3504028,1,79,79,0
0,0,0,41660,1,0,0,3504028,1,32,32,0
0,0,0,28857,28851,0,0,3504028,1,2,2,1
0,0,0,26072,10626,0,0,3504028,1,8,8,0
0,0,0,2123,2117,0,0,3504028,1,2,2,0
0,0,0,3444,1,0,0,3504028,1,3,3,1
0,0,0,7,0,0,0,3504028,1,5,5,1

==> meta_rnha[0.2].csv <==
last_access_rtime, last_access_vtime, create_rtime, clock_time, clock_time_between, compulsory_miss, first_seen, cache_size, obj_size, clock_freq, lifetime_freq, wasted
0,0,0,75105,75099,0,0,152938014048256,8892372,4,4,1
0,0,0,36032,13969,0,0,152938014048256,11129278,5,5,1
0,0,0,148809,4545,0,0,152938014048256,110557540,543,543,0
0,0,0,132799,5,0,0,152938014048256,42605526,323,323,0
0,0,0,28857,28851,0,0,152938014048256,25528,2,2,1
0,0,0,68172,6081,0,0,152938014048256,634637,17,17,1
0,0,0,56247,54124,0,0,152938014048256,35443,3,3,0
0,0,0,3444,1,0,0,152938014048256,127492,3,3,1
0,0,0,99411,99405,0,0,152938014048256,25199,2,2,0

==> meta_rnha[0.2,ignore_obj_size].csv <==
last_access_rtime, last_access_vtime, create_rtime, clock_time, clock_time_between, compulsory_miss, first_seen, cache_size, obj_size, clock_freq, lifetime_freq, wasted
0,0,0,75105,75099,0,0,7008056,1,4,4,1
0,0,0,36032,13969,0,0,7008056,1,5,5,1
0,0,0,93031,1,0,0,7008056,1,225,225,0
0,0,0,98193,1,0,0,7008056,1,255,255,0
0,0,0,28857,28851,0,0,7008056,1,2,2,1
0,0,0,68172,6081,0,0,7008056,1,17,17,1
0,0,0,56247,54124,0,0,7008056,1,3,3,0
0,0,0,3444,1,0,0,7008056,1,3,3,1
0,0,0,99411,99405,0,0,7008056,1,2,2,0

==> meta_rnha[0.4].csv <==
last_access_rtime, last_access_vtime, create_rtime, clock_time, clock_time_between, compulsory_miss, first_seen, cache_size, obj_size, clock_freq, lifetime_freq, wasted
0,0,0,75105,75099,0,0,305876028096512,8892372,4,4,1
0,0,0,36032,13969,0,0,305876028096512,11129278,5,5,1
0,0,0,207820,0,0,0,305876028096512,110557540,698,698,0
0,0,0,175763,175757,0,0,305876028096512,18644,2,2,1
0,0,0,221661,10,0,0,305876028096512,42605526,333,333,0
0,0,0,28857,28851,0,0,305876028096512,25528,2,2,1
0,0,0,68172,6081,0,0,305876028096512,634637,17,17,1
0,0,0,172680,116433,0,0,305876028096512,35443,4,4,1
0,0,0,3444,1,0,0,305876028096512,127492,3,3,1

==> meta_rnha[0.4,ignore_obj_size].csv <==
last_access_rtime, last_access_vtime, create_rtime, clock_time, clock_time_between, compulsory_miss, first_seen, cache_size, obj_size, clock_freq, lifetime_freq, wasted
0,0,0,75105,75099,0,0,14016112,1,4,4,0
0,0,0,36032,13969,0,0,14016112,1,5,5,1
0,0,0,228639,3,0,0,14016112,1,700,700,0
0,0,0,175763,175757,0,0,14016112,1,2,2,0
0,0,0,221661,10,0,0,14016112,1,333,333,0
0,0,0,28857,28851,0,0,14016112,1,2,2,1
0,0,0,68172,6081,0,0,14016112,1,17,17,1
0,0,0,172680,116433,0,0,14016112,1,4,4,1
0,0,0,3444,1,0,0,14016112,1,3,3,1

==> msr_prxy_1[0.001].csv <==
last_access_rtime, last_access_vtime, create_rtime, clock_time, clock_time_between, compulsory_miss, first_seen, cache_size, obj_size, clock_freq, lifetime_freq, wasted
0,0,0,2,2,0,0,16482286,61440,2,2,1
0,0,0,0,0,0,0,16482286,61440,3,3,1
0,0,0,2,0,0,0,16482286,8192,4,4,1
0,0,0,0,0,0,0,16482286,8192,2,2,1
0,0,0,0,0,0,0,16482286,8192,2,2,1
0,0,0,3,0,0,0,16482286,4096,128,128,0
0,0,0,2,0,0,0,16482286,8192,3,3,1
0,0,0,3,0,0,0,16482286,4096,128,128,1
0,0,0,2,0,0,0,16482286,8192,4,4,1

==> msr_prxy_1[0.001,ignore_obj_size].csv <==
last_access_rtime, last_access_vtime, create_rtime, clock_time, clock_time_between, compulsory_miss, first_seen, cache_size, obj_size, clock_freq, lifetime_freq, wasted
0,0,0,0,0,0,0,390,1,3,3,1
0,0,0,0,0,0,0,390,1,2,2,0
0,0,0,0,0,0,0,390,1,2,2,1
0,0,0,0,0,0,0,390,1,2,2,1
0,0,0,1,0,0,0,390,1,48,48,0
0,0,0,1,0,0,0,390,1,48,48,0
0,0,0,0,0,0,0,390,1,2,2,0
0,0,0,0,0,0,0,390,1,3,3,0
0,0,0,0,0,0,0,390,1,3,3,1

==> msr_prxy_1[0.01].csv <==
last_access_rtime, last_access_vtime, create_rtime, clock_time, clock_time_between, compulsory_miss, first_seen, cache_size, obj_size, clock_freq, lifetime_freq, wasted
0,0,0,72,70,0,0,164822848,61440,3,3,0
0,0,0,72,72,0,0,164822848,8192,2,2,1
0,0,0,72,0,0,0,164822848,61440,6,6,1
0,0,0,72,72,0,0,164822848,8192,2,2,1
0,0,0,72,72,0,0,164822848,8192,2,2,1
0,0,0,72,72,0,0,164822848,61440,2,2,1
0,0,0,70,70,0,0,164822848,1024,2,2,0
0,0,0,72,72,0,0,164822848,8192,2,2,1
0,0,0,72,0,0,0,164822848,8192,7,7,0

==> msr_prxy_1[0.01,ignore_obj_size].csv <==
last_access_rtime, last_access_vtime, create_rtime, clock_time, clock_time_between, compulsory_miss, first_seen, cache_size, obj_size, clock_freq, lifetime_freq, wasted
0,0,0,2,2,0,0,3902,1,2,2,1
0,0,0,0,0,0,0,3902,1,3,3,1
0,0,0,2,0,0,0,3902,1,4,4,1
0,0,0,0,0,0,0,3902,1,2,2,1
0,0,0,0,0,0,0,3902,1,2,2,1
0,0,0,11,0,0,0,3902,1,149,149,0
0,0,0,2,0,0,0,3902,1,3,3,1
0,0,0,11,0,0,0,3902,1,150,150,0
0,0,0,2,0,0,0,3902,1,4,4,1

==> msr_prxy_1[0.1].csv <==
last_access_rtime, last_access_vtime, create_rtime, clock_time, clock_time_between, compulsory_miss, first_seen, cache_size, obj_size, clock_freq, lifetime_freq, wasted
0,0,0,76130,87,0,0,1648228608,8192,1100,1100,0
0,0,0,76130,87,0,0,1648228608,8192,1100,1100,0
0,0,0,76133,29,0,0,1648228608,61440,2196,2196,0
0,0,0,76104,63,0,0,1648228608,8192,1098,1098,0
0,0,0,76104,0,0,0,1648228608,61440,3294,3294,0
0,0,0,76104,63,0,0,1648228608,8192,1098,1098,0
0,0,0,76104,63,0,0,1648228608,8192,1098,1098,0
0,0,0,76104,63,0,0,1648228608,61440,1098,1098,0
0,0,0,76130,29,0,0,1648228608,1024,2199,2199,0

==> msr_prxy_1[0.1,ignore_obj_size].csv <==
last_access_rtime, last_access_vtime, create_rtime, clock_time, clock_time_between, compulsory_miss, first_seen, cache_size, obj_size, clock_freq, lifetime_freq, wasted
0,0,0,16311,98,0,0,39022,1,233,233,0
0,0,0,16311,98,0,0,39022,1,233,233,0
0,0,0,16272,57,0,0,39022,1,463,463,0
0,0,0,16272,70,0,0,39022,1,232,232,0
0,0,0,16272,0,0,0,39022,1,696,696,0
0,0,0,16272,70,0,0,39022,1,232,232,0
0,0,0,16272,70,0,0,39022,1,232,232,0
0,0,0,16272,70,0,0,39022,1,232,232,0
0,0,0,16311,42,0,0,39022,1,465,465,0

==> msr_prxy_1[0.2].csv <==
last_access_rtime, last_access_vtime, create_rtime, clock_time, clock_time_between, compulsory_miss, first_seen, cache_size, obj_size, clock_freq, lifetime_freq, wasted
0,0,0,226044,63,0,0,3296457216,8192,3411,3411,0
0,0,0,226044,63,0,0,3296457216,8192,3411,3411,0
0,0,0,226048,25,0,0,3296457216,61440,6816,6816,0
0,0,0,226023,64,0,0,3296457216,8192,3408,3408,0
0,0,0,226023,0,0,0,3296457216,61440,10224,10224,0
0,0,0,226023,64,0,0,3296457216,8192,3408,3408,0
0,0,0,226023,64,0,0,3296457216,8192,3408,3408,0
0,0,0,226023,64,0,0,3296457216,61440,3408,3408,0
0,0,0,226044,23,0,0,3296457216,1024,6821,6821,0

==> msr_prxy_1[0.2,ignore_obj_size].csv <==
last_access_rtime, last_access_vtime, create_rtime, clock_time, clock_time_between, compulsory_miss, first_seen, cache_size, obj_size, clock_freq, lifetime_freq, wasted
0,0,0,76319,70,0,0,78045,1,1103,1103,0
0,0,0,76319,70,0,0,78045,1,1103,1103,0
0,0,0,76321,4,0,0,78045,1,2202,2202,0
0,0,0,76317,65,0,0,78045,1,1101,1101,0
0,0,0,76317,0,0,0,78045,1,3303,3303,0
0,0,0,76317,65,0,0,78045,1,1101,1101,0
0,0,0,76317,65,0,0,78045,1,1101,1101,0
0,0,0,76317,65,0,0,78045,1,1101,1101,0
0,0,0,76319,8,0,0,78045,1,2205,2205,0

==> msr_prxy_1[0.4].csv <==
last_access_rtime, last_access_vtime, create_rtime, clock_time, clock_time_between, compulsory_miss, first_seen, cache_size, obj_size, clock_freq, lifetime_freq, wasted
0,0,0,345294,56,0,0,6592914432,8192,5359,5359,0
0,0,0,345294,56,0,0,6592914432,8192,5359,5359,0
0,0,0,398731,7,0,0,6592914432,61440,12528,12528,0
0,0,0,398724,57,0,0,6592914432,8192,6264,6264,0
0,0,0,398724,0,0,0,6592914432,61440,18792,18792,0
0,0,0,398724,57,0,0,6592914432,8192,6264,6264,0
0,0,0,398724,57,0,0,6592914432,8192,6264,6264,0
0,0,0,398724,57,0,0,6592914432,61440,6264,6264,0
0,0,0,345294,56,0,0,6592914432,1024,10716,10716,0

==> msr_prxy_1[0.4,ignore_obj_size].csv <==
last_access_rtime, last_access_vtime, create_rtime, clock_time, clock_time_between, compulsory_miss, first_seen, cache_size, obj_size, clock_freq, lifetime_freq, wasted
0,0,0,341979,71,0,0,156090,1,5304,5304,0
0,0,0,341979,71,0,0,156090,1,5304,5304,0
0,0,0,341982,24,0,0,156090,1,10594,10594,0
0,0,0,341958,59,0,0,156090,1,5297,5297,0
0,0,0,341958,0,0,0,156090,1,15891,15891,0
0,0,0,341958,59,0,0,156090,1,5297,5297,0
0,0,0,341958,59,0,0,156090,1,5297,5297,0
0,0,0,341958,59,0,0,156090,1,5297,5297,0
0,0,0,341979,24,0,0,156090,1,10607,10607,0

==> w01[0.001].csv <==
last_access_rtime, last_access_vtime, create_rtime, clock_time, clock_time_between, compulsory_miss, first_seen, cache_size, obj_size, clock_freq, lifetime_freq, wasted
0,0,0,2888348,25,0,0,685952576,4096,815,815,0
0,0,0,2888328,15,0,0,685952576,4096,245,245,0
0,0,0,2879040,71,0,0,685952576,4096,84,84,1
0,0,0,2888328,15,0,0,685952576,4096,813,813,0
0,0,0,2888323,20,0,0,685952576,4096,245,245,0
0,0,0,2878633,32,0,0,685952576,4096,37,37,1
0,0,0,2888315,1,0,0,685952576,512,162,162,0
0,0,0,2880255,38,0,0,685952576,4096,57,57,1
0,0,0,2876337,2,0,0,685952576,4096,8,8,1

==> w01[0.001,ignore_obj_size].csv <==
last_access_rtime, last_access_vtime, create_rtime, clock_time, clock_time_between, compulsory_miss, first_seen, cache_size, obj_size, clock_freq, lifetime_freq, wasted
0,0,0,2891214,21,0,0,122804,1,960,960,0
0,0,0,2891214,21,0,0,122804,1,321,321,0
0,0,0,2891190,53,0,0,122804,1,90,90,0
0,0,0,2891216,12,0,0,122804,1,959,959,0
0,0,0,2891204,21,0,0,122804,1,321,321,0
0,0,0,2878633,32,0,0,122804,1,37,37,1
0,0,0,2890982,1,0,0,122804,1,272,272,0
0,0,0,2891210,60,0,0,122804,1,62,62,0
0,0,0,2876337,2,0,0,122804,1,8,8,1

==> w01[0.01].csv <==
last_access_rtime, last_access_vtime, create_rtime, clock_time, clock_time_between, compulsory_miss, first_seen, cache_size, obj_size, clock_freq, lifetime_freq, wasted
0,0,0,2972572,80638,0,0,6859525120,4096,3,3,1
0,0,0,2976108,21,0,0,6859525120,4096,7674,7674,0
0,0,0,2976139,41,0,0,6859525120,4096,2302,2302,0
0,0,0,2972895,1235,0,0,6859525120,4096,365,365,1
0,0,0,2901011,27242,0,0,6859525120,4096,2,2,1
0,0,0,2976139,41,0,0,6859525120,4096,7671,7671,0
0,0,0,2976108,21,0,0,6859525120,4096,2302,2302,0
0,0,0,2976070,97437,0,0,6859525120,4096,38,38,1
0,0,0,2976049,9,0,0,6859525120,512,1648,1648,0

==> w01[0.01,ignore_obj_size].csv <==
last_access_rtime, last_access_vtime, create_rtime, clock_time, clock_time_between, compulsory_miss, first_seen, cache_size, obj_size, clock_freq, lifetime_freq, wasted
0,0,0,2972572,80638,0,0,1228040,1,3,3,1
0,0,0,2982062,15,0,0,1228040,1,8361,8361,0
0,0,0,2982057,21,0,0,1228040,1,2481,2481,0
0,0,0,2972895,1235,0,0,1228040,1,365,365,1
0,0,0,2901011,27242,0,0,1228040,1,2,2,1
0,0,0,2982057,21,0,0,1228040,1,8357,8357,0
0,0,0,2982062,15,0,0,1228040,1,2482,2482,0
0,0,0,2976070,97437,0,0,1228040,1,38,38,1
0,0,0,2981713,1,0,0,1228040,1,1822,1822,0

==> w01[0.1].csv <==
last_access_rtime, last_access_vtime, create_rtime, clock_time, clock_time_between, compulsory_miss, first_seen, cache_size, obj_size, clock_freq, lifetime_freq, wasted
0,0,0,2972572,80638,0,0,68595253248,4096,3,3,0
0,0,0,3022669,88,0,0,68595253248,4096,9858,9858,0
0,0,0,3022679,98,0,0,68595253248,4096,3286,3286,0
0,0,0,3010036,72,0,0,68595253248,4096,466,466,0
0,0,0,2901011,27242,0,0,68595253248,4096,2,2,1
0,0,0,3022679,11,0,0,68595253248,4096,9853,9853,0
0,0,0,3022669,98,0,0,68595253248,4096,3286,3286,0
0,0,0,2976070,97437,0,0,68595253248,4096,38,38,1
0,0,0,3042692,0,0,0,68595253248,512,2532,2532,0

==> w01[0.1,ignore_obj_size].csv <==
last_access_rtime, last_access_vtime, create_rtime, clock_time, clock_time_between, compulsory_miss, first_seen, cache_size, obj_size, clock_freq, lifetime_freq, wasted
0,0,0,2972572,80638,0,0,12280402,1,3,3,0
0,0,0,3022669,88,0,0,12280402,1,9858,9858,0
0,0,0,3022679,98,0,0,12280402,1,3286,3286,0
0,0,0,3010036,72,0,0,12280402,1,466,466,0
0,0,0,2901011,27242,0,0,12280402,1,2,2,1
0,0,0,3022679,11,0,0,12280402,1,9853,9853,0
0,0,0,3022669,98,0,0,12280402,1,3286,3286,0
0,0,0,2976070,97437,0,0,12280402,1,38,38,1
0,0,0,3041889,1,0,0,12280402,1,2530,2530,0

==> w01[0.2].csv <==
last_access_rtime, last_access_vtime, create_rtime, clock_time, clock_time_between, compulsory_miss, first_seen, cache_size, obj_size, clock_freq, lifetime_freq, wasted
0,0,0,3051798,79226,0,0,137190506496,4096,4,4,0
0,0,0,3069126,15,0,0,137190506496,4096,10163,10163,0
0,0,0,3069126,15,0,0,137190506496,4096,3521,3521,0
0,0,0,3052111,86,0,0,137190506496,4096,542,542,1
0,0,0,2901011,27242,0,0,137190506496,4096,2,2,0
0,0,0,3069121,20,0,0,137190506496,4096,10157,10157,0
0,0,0,3069121,20,0,0,137190506496,4096,3521,3521,0
0,0,0,2976070,97437,0,0,137190506496,4096,38,38,0
0,0,0,3071032,9,0,0,137190506496,512,2850,2850,0

==> w01[0.2,ignore_obj_size].csv <==
last_access_rtime, last_access_vtime, create_rtime, clock_time, clock_time_between, compulsory_miss, first_seen, cache_size, obj_size, clock_freq, lifetime_freq, wasted
0,0,0,3051798,79226,0,0,24560804,1,4,4,0
0,0,0,3071884,20,0,0,24560804,1,10178,10178,0
0,0,0,3071874,21,0,0,24560804,1,3527,3527,0
0,0,0,3052111,86,0,0,24560804,1,542,542,1
0,0,0,2901011,27242,0,0,24560804,1,2,2,0
0,0,0,3071874,21,0,0,24560804,1,10172,10172,0
0,0,0,3071884,20,0,0,24560804,1,3528,3528,0
0,0,0,2976070,97437,0,0,24560804,1,38,38,0
0,0,0,3074140,0,0,0,24560804,1,2894,2894,0

==> w01[0.4].csv <==
last_access_rtime, last_access_vtime, create_rtime, clock_time, clock_time_between, compulsory_miss, first_seen, cache_size, obj_size, clock_freq, lifetime_freq, wasted
0,0,0,3119830,418,0,0,274381012992,4096,8,8,0
0,0,0,3121030,5,0,0,274381012992,4096,21975,21975,0
0,0,0,3121019,15,0,0,274381012992,4096,6887,6887,0
0,0,0,3052111,86,0,0,274381012992,4096,542,542,0
0,0,0,3082134,181123,0,0,274381012992,4096,3,3,0
0,0,0,3121029,4,0,0,274381012992,4096,21969,21969,0
0,0,0,3121025,9,0,0,274381012992,4096,6886,6886,0
0,0,0,3119705,16858,0,0,274381012992,4096,41,41,0
0,0,0,3120725,1,0,0,274381012992,512,3538,3538,0

==> w01[0.4,ignore_obj_size].csv <==
last_access_rtime, last_access_vtime, create_rtime, clock_time, clock_time_between, compulsory_miss, first_seen, cache_size, obj_size, clock_freq, lifetime_freq, wasted
0,0,0,3124114,4284,0,0,49121608,1,9,9,0
0,0,0,3127778,3,0,0,49121608,1,24373,24373,0
0,0,0,3127775,11,0,0,49121608,1,7481,7481,0
0,0,0,3052111,86,0,0,49121608,1,542,542,0
0,0,0,3082134,181123,0,0,49121608,1,3,3,0
0,0,0,3127776,6,0,0,49121608,1,24367,24367,0
0,0,0,3127770,11,0,0,49121608,1,7479,7479,0
0,0,0,3119705,16858,0,0,49121608,1,41,41,0
0,0,0,3126937,1,0,0,49121608,1,3586,3586,0

==> wiki_2019t[0.001].csv <==
last_access_rtime, last_access_vtime, create_rtime, clock_time, clock_time_between, compulsory_miss, first_seen, cache_size, obj_size, clock_freq, lifetime_freq, wasted
0,0,0,85,4,0,0,429340160,64248,5,5,0
0,0,0,93,93,0,0,429340160,79983,2,2,1
0,0,0,106,1,0,0,429340160,11083,3,3,0
0,0,0,63,54,0,0,429340160,15803,3,3,1
0,0,0,107,3,0,0,429340160,20818,89,89,0
0,0,0,107,107,0,0,429340160,37003,2,2,1
0,0,0,74,74,0,0,429340160,30791,2,2,0
0,0,0,64,64,0,0,429340160,9588,2,2,0
0,0,0,49,49,0,0,429340160,10975,2,2,1

==> wiki_2019t[0.001,ignore_obj_size].csv <==
last_access_rtime, last_access_vtime, create_rtime, clock_time, clock_time_between, compulsory_miss, first_seen, cache_size, obj_size, clock_freq, lifetime_freq, wasted
0,0,0,157,42,0,0,18377,1,7,7,0
0,0,0,93,93,0,0,18377,1,2,2,1
0,0,0,129,23,0,0,18377,1,4,4,0
0,0,0,63,54,0,0,18377,1,3,3,1
0,0,0,155,1,0,0,18377,1,114,114,0
0,0,0,107,107,0,0,18377,1,2,2,1
0,0,0,144,70,0,0,18377,1,3,3,1
0,0,0,126,62,0,0,18377,1,3,3,0
0,0,0,49,49,0,0,18377,1,2,2,1

==> wiki_2019t[0.01].csv <==
last_access_rtime, last_access_vtime, create_rtime, clock_time, clock_time_between, compulsory_miss, first_seen, cache_size, obj_size, clock_freq, lifetime_freq, wasted
0,0,0,1511,29,0,0,4293401344,69334,9,9,0
0,0,0,1525,21,0,0,4293401344,64248,30,30,0
0,0,0,1382,125,0,0,4293401344,79983,7,7,1
0,0,0,1294,48,0,0,4293401344,81363,12,12,0
0,0,0,1279,64,0,0,4293401344,11639,3,3,1
0,0,0,1453,313,0,0,4293401344,137679,14,14,0
0,0,0,1536,5,0,0,4293401344,11083,38,38,0
0,0,0,1424,652,0,0,4293401344,15803,7,7,1
0,0,0,1168,514,0,0,4293401344,41682,3,3,0

==> wiki_2019t[0.01,ignore_obj_size].csv <==
last_access_rtime, last_access_vtime, create_rtime, clock_time, clock_time_between, compulsory_miss, first_seen, cache_size, obj_size, clock_freq, lifetime_freq, wasted
0,0,0,1883,159,0,0,183771,1,11,11,0
0,0,0,2021,8,0,0,183771,1,49,49,0
0,0,0,1382,125,0,0,183771,1,7,7,0
0,0,0,1695,401,0,0,183771,1,13,13,0
0,0,0,1279,64,0,0,183771,1,3,3,1
0,0,0,1453,313,0,0,183771,1,14,14,0
0,0,0,1956,102,0,0,183771,1,42,42,0
0,0,0,1424,652,0,0,183771,1,7,7,1
0,0,0,1819,651,0,0,183771,1,4,4,1

==> wiki_2019t[0.1].csv <==
last_access_rtime, last_access_vtime, create_rtime, clock_time, clock_time_between, compulsory_miss, first_seen, cache_size, obj_size, clock_freq, lifetime_freq, wasted
0,0,0,37261,503,0,0,42934013952,69334,138,138,0
0,0,0,38141,3,0,0,42934013952,64248,941,941,0
0,0,0,37817,3769,0,0,42934013952,83510,18,18,0
0,0,0,37275,429,0,0,42934013952,23328,14,14,0
0,0,0,36903,5072,0,0,42934013952,19152,12,12,0
0,0,0,37810,553,0,0,42934013952,79983,86,86,0
0,0,0,35316,3001,0,0,42934013952,43051,5,5,0
0,0,0,37902,834,0,0,42934013952,40564,11,11,0
0,0,0,14071,14071,0,0,42934013952,16079,2,2,1

==> wiki_2019t[0.1,ignore_obj_size].csv <==
last_access_rtime, last_access_vtime, create_rtime, clock_time, clock_time_between, compulsory_miss, first_seen, cache_size, obj_size, clock_freq, lifetime_freq, wasted
0,0,0,40849,130,0,0,1837711,1,150,150,0
0,0,0,41155,6,0,0,1837711,1,1042,1042,0
0,0,0,39780,671,0,0,1837711,1,22,22,0
0,0,0,37275,429,0,0,1837711,1,14,14,0
0,0,0,41033,1157,0,0,1837711,1,15,15,0
0,0,0,40651,645,0,0,1837711,1,90,90,0
0,0,0,35316,3001,0,0,1837711,1,5,5,0
0,0,0,37902,834,0,0,1837711,1,11,11,0
0,0,0,14071,14071,0,0,1837711,1,2,2,1

==> wiki_2019t[0.2].csv <==
last_access_rtime, last_access_vtime, create_rtime, clock_time, clock_time_between, compulsory_miss, first_seen, cache_size, obj_size, clock_freq, lifetime_freq, wasted
0,0,0,137597,2455,0,0,85868027904,69334,332,332,0
0,0,0,138097,7,0,0,85868027904,64248,7958,7958,0
0,0,0,137634,7699,0,0,85868027904,83510,58,58,0
0,0,0,124798,3136,0,0,85868027904,23328,22,22,0
0,0,0,138083,218,0,0,85868027904,19152,36,36,0
0,0,0,137348,1873,0,0,85868027904,79983,154,154,0
0,0,0,137184,210,0,0,85868027904,43051,35,35,0
0,0,0,136638,9,0,0,85868027904,40564,32,32,0
0,0,0,137961,5260,0,0,85868027904,16079,6,6,0

==> wiki_2019t[0.2,ignore_obj_size].csv <==
last_access_rtime, last_access_vtime, create_rtime, clock_time, clock_time_between, compulsory_miss, first_seen, cache_size, obj_size, clock_freq, lifetime_freq, wasted
0,0,0,131376,28,0,0,3675423,1,326,326,0
0,0,0,131464,4,0,0,3675423,1,7786,7786,0
0,0,0,129935,243,0,0,3675423,1,57,57,0
0,0,0,124798,3136,0,0,3675423,1,22,22,0
0,0,0,126221,1,0,0,3675423,1,34,34,0
0,0,0,131094,13,0,0,3675423,1,152,152,0
0,0,0,129075,116,0,0,3675423,1,32,32,0
0,0,0,127288,2509,0,0,3675423,1,30,30,0
0,0,0,128497,29344,0,0,3675423,1,4,4,0

==> wiki_2019t[0.4].csv <==
last_access_rtime, last_access_vtime, create_rtime, clock_time, clock_time_between, compulsory_miss, first_seen, cache_size, obj_size, clock_freq, lifetime_freq, wasted
0,0,0,410392,2900,0,0,171736055808,69334,1209,1209,0
0,0,0,411044,0,0,0,171736055808,64248,10644,10644,0
0,0,0,408044,8317,0,0,171736055808,83510,197,197,0
0,0,0,389971,3931,0,0,171736055808,23328,57,57,0
0,0,0,402281,14011,0,0,171736055808,19152,77,77,0
0,0,0,400988,6162,0,0,171736055808,79983,652,652,0
0,0,0,408343,1428,0,0,171736055808,43051,73,73,0
0,0,0,393892,1658,0,0,171736055808,40564,96,96,0
0,0,0,369597,69061,0,0,171736055808,16079,12,12,0

==> wiki_2019t[0.4,ignore_obj_size].csv <==
last_access_rtime, last_access_vtime, create_rtime, clock_time, clock_time_between, compulsory_miss, first_seen, cache_size, obj_size, clock_freq, lifetime_freq, wasted
0,0,0,386877,22,0,0,7350846,1,1155,1155,0
0,0,0,386822,67,0,0,7350846,1,10454,10454,0
0,0,0,386589,2468,0,0,7350846,1,191,191,0
0,0,0,386040,2974,0,0,7350846,1,56,56,0
0,0,0,378978,10985,0,0,7350846,1,75,75,0
0,0,0,386464,100,0,0,7350846,1,640,640,0
0,0,0,382265,8314,0,0,7350846,1,70,70,0
0,0,0,383042,2678,0,0,7350846,1,93,93,0
0,0,0,369597,69061,0,0,7350846,1,12,12,0
